works:
53  7    
6  195   
 98    6 
8   6   3
4  8 3  1
7   2   6
 6    28 
   419  5
    8  79
    
doesn't work:
  13 2   
  3  7 45
  7     9
  65   7 
2       1
 9   14  
5     9  
61 2  8  
   9 85  
   
    1 | 3   2 | 7     
    3 |     7 |   4 5 
    7 |       |     9 
----------------------
1   6 | 5   9 |   7   
2   5 |       |   9 1 
  9   |     1 | 4 5   
----------------------
5     |       | 9     
6 1 9 | 2     | 8 3   
      | 9   8 | 5     
      
https://www.puzzles.ca/sudoku_puzzles/sudoku_easy_823_solution.html